0.07  5.14 18.35    
0.14  2.36 21.80   
0.39  4.57 47.70   
1.00  6.93 15.00   
1.19  1.31  9.90   
1.19  2.36 16.30   
1.24  3.29 22.00   
1.36  4.69 11.10   
1.79  5.71  7.60   
2.14  3.64 13.35   
2.36  6.64  9.70   
2.43  1.86 3.55
2.43  2.93 8.55
2.50  0.50 31.70
2.71  5.29 5.95
3.21  4.07 1.60
3.36  0.14 36.00
3.57  2.00 5.80
3.93  5.36 6.70
3.93  6.43 5.10
4.14  2.86 1.90
4.36  3.86 4.45
4.43  1.69  7.15
4.64  7.07 22.10
4.79  5.19  3.30
5.14  4.50  3.05
5.21  6.29  5.80
5.64  1.86  4.30
6.64  3.36  5.30
6.00  5.50  9.90
6.29  7.79  7.55
6.57  6.43  9.00
6.86  4.57  6.75