    13   25   14   13   16    2   -2  -49  -67   -73
    39   26   14   18   12    7  -23  -57  -64   -87
    13   10    5   20    9   -5  -35  -55  -74   -82
     0   10    1   10    0  -26  -49  -75  -91   -94
   -14   -6    0  -13  -25  -47  -50  -86  -97  -117
   -15  -16  -15  -38  -55  -65  -88 -111 -120  -127
   -26  -32  -53  -55  -80  -91 -130 -120 -138  -140
   -40  -68  -96  -97  -94 -128 -135 -139 -165  -167
   -62  -91 -119 -133 -133 -147 -154 -158 -171  -174
   -89 -122 -144 -139 -155 -159 -181 -189 -199  -214
