4.80  4.38  4.33  4.31  4.49  4.38  4.44  4.46  4.54  4.50  4.24
4.42  4.29  4.19  4.28  4.58  4.89  4.74  4.68  4.54  4.86  4.33
4.30  4.30  4.87  4.70  4.68  5.04  5.03  4.86  4.43  4.14  4.32
4.26  4.64  4.54  4.54  4.64  4.76  4.42  4.61  4.30  4.54  4.30
4.20  4.42  4.50  4.80  4.90  4.76  4.53  4.23  4.26  4.58  4.12
4.19  4.40  4.32  4.48  4.59  4.67  4.50  4.80  4.28  4.50  4.44
4.34  4.54  4.52  4.73  4.32  4.90  4.34  4.36  4.23  4.31  4.30
4.54  4.20  4.44  4.60  4.84  4.46  4.39  4.36  4.27  4.03  4.37
4.56  4.64  4.64  4.64  4.69  4.36  4.36  4.62  4.30  4.34  4.47
4.44  4.83  4.80  4.84  4.50  4.30  4.29  4.49  4.21  4.16  4.64
4.53  4.39  4.74  4.70  4.36  4.51  4.34  4.44  4.30  4.30  4.15
